'beta_mu', 'algorithm', 'terminate', 'init_point', 'optimal_soultion', 'ans', 'violation'
(0.01, 1.5)	BFGS	0.001	(1.0, 1.0, 1.0, 1.0, 1.0, 1.0, 1.0, 1.0)	(0.1096, -0.0007, 0.3393, 0.0257, 0.3043, -0.0005, -0.0036, 0.2093)	0.0907	7
(0.01, 1.5)	BFGS	1e-05	(1.0, 1.0, 1.0, 1.0, 1.0, 1.0, 1.0, 1.0)	(0.1004, -0.0001, 0.3723, 0.0616, 0.3002, -0.0001, 0.0108, 0.154)	0.1027	5
(0.01, 1.5)	BFGS	1e-08	(1.0, 1.0, 1.0, 1.0, 1.0, 1.0, 1.0, 1.0)	(0.1, -0.0, 0.377, 0.0688, 0.3, -0.0, 0.0151, 0.1391)	0.1048	1
(0.01, 1.5)	BFGS	10	(1.0, 1.0, 1.0, 1.0, 1.0, 1.0, 1.0, 1.0)	(0.1793, -0.0066, 0.1339, -0.0345, 0.1889, 0.1172, -0.0473, 0.2897)	0.0459	7
(0.01, 1.5)	BFGS	25	(1.0, 1.0, 1.0, 1.0, 1.0, 1.0, 1.0, 1.0)	(0.1003, -0.0001, 0.3739, 0.064, 0.3001, -0.0, 0.0123, 0.149)	0.1034	4
(0.01, 1.5)	BFGS	50	(1.0, 1.0, 1.0, 1.0, 1.0, 1.0, 1.0, 1.0)	(0.1, -0.0, 0.377, 0.0689, 0.3, -0.0, 0.0155, 0.1386)	0.1048	0
(0.01, 1.5)	BFGS	0.001	(10, 0, 10, 0, 10, 0, 10, 0)	(0.1096, -0.0007, 0.3393, 0.0257, 0.3043, -0.0005, -0.0036, 0.2093)	0.0907	7
(0.01, 1.5)	BFGS	1e-05	(10, 0, 10, 0, 10, 0, 10, 0)	(0.1004, -0.0001, 0.3723, 0.0616, 0.3002, -0.0001, 0.0108, 0.154)	0.1027	5
(0.01, 1.5)	BFGS	1e-08	(10, 0, 10, 0, 10, 0, 10, 0)	(0.1, -0.0, 0.377, 0.0688, 0.3, -0.0, 0.0151, 0.1391)	0.1048	1
(0.01, 1.5)	BFGS	10	(10, 0, 10, 0, 10, 0, 10, 0)	(0.1793, -0.0066, 0.1339, -0.0345, 0.1889, 0.1172, -0.0473, 0.2897)	0.0459	7
(0.01, 1.5)	BFGS	25	(10, 0, 10, 0, 10, 0, 10, 0)	(0.1003, -0.0001, 0.3739, 0.064, 0.3001, -0.0, 0.0123, 0.149)	0.1034	4
(0.01, 1.5)	BFGS	50	(10, 0, 10, 0, 10, 0, 10, 0)	(0.1, -0.0, 0.377, 0.0689, 0.3, -0.0, 0.0155, 0.1386)	0.1048	0
(0.01, 1.5)	BFGS	0.001	(0, 0, 0, 2, 2, 2, 1, 1)	(0.1096, -0.0007, 0.3393, 0.0257, 0.3043, -0.0005, -0.0036, 0.2093)	0.0907	7
(0.01, 1.5)	BFGS	1e-05	(0, 0, 0, 2, 2, 2, 1, 1)	(0.1004, -0.0001, 0.3723, 0.0616, 0.3002, -0.0001, 0.0108, 0.154)	0.1027	5
(0.01, 1.5)	BFGS	1e-08	(0, 0, 0, 2, 2, 2, 1, 1)	(0.1, -0.0, 0.377, 0.0688, 0.3, -0.0, 0.0151, 0.1391)	0.1048	1
(0.01, 1.5)	BFGS	10	(0, 0, 0, 2, 2, 2, 1, 1)	(0.1793, -0.0066, 0.1339, -0.0345, 0.1889, 0.1172, -0.0473, 0.2897)	0.0459	7
(0.01, 1.5)	BFGS	25	(0, 0, 0, 2, 2, 2, 1, 1)	(0.1003, -0.0001, 0.3739, 0.064, 0.3001, -0.0, 0.0123, 0.149)	0.1034	4
(0.01, 1.5)	BFGS	50	(0, 0, 0, 2, 2, 2, 1, 1)	(0.1, 0.0, 0.377, 0.0689, 0.3, 0.0, 0.0154, 0.1386)	0.1048	0
(0.01, 1.5)	Powell	0.001	(1.0, 1.0, 1.0, 1.0, 1.0, 1.0, 1.0, 1.0)	(0.104, 0.0042, 0.3473, 0.019, 0.2709, 0.033, -0.0035, 0.2087)	0.0911	5
(0.01, 1.5)	Powell	1e-05	(1.0, 1.0, 1.0, 1.0, 1.0, 1.0, 1.0, 1.0)	(0.1004, -0.0, 0.3794, 0.0629, 0.2953, 0.0013, -0.0001, 0.1601)	0.1028	3
(0.01, 1.5)	Powell	1e-08	(1.0, 1.0, 1.0, 1.0, 1.0, 1.0, 1.0, 1.0)	(0.1, -0.0, 0.3931, 0.0659, 0.2932, 0.0, 0.0001, 0.1478)	0.1051	0
(0.01, 1.5)	Powell	10	(1.0, 1.0, 1.0, 1.0, 1.0, 1.0, 1.0, 1.0)	(0.1784, -0.0062, 0.1349, -0.0337, 0.2115, 0.0932, -0.0469, 0.2896)	0.0461	7
(0.01, 1.5)	Powell	25	(1.0, 1.0, 1.0, 1.0, 1.0, 1.0, 1.0, 1.0)	(0.1002, -0.0001, 0.383, 0.0639, 0.2957, 0.0, 0.0, 0.1568)	0.1035	3
(0.01, 1.5)	Powell	50	(1.0, 1.0, 1.0, 1.0, 1.0, 1.0, 1.0, 1.0)	(0.0999, 0.0001, 0.3934, 0.0659, 0.2931, -0.0, 0.0001, 0.1477)	0.1051	0
(0.01, 1.5)	Powell	0.001	(10, 0, 10, 0, 10, 0, 10, 0)	(0.104, 0.0042, 0.3473, 0.019, 0.2709, 0.033, -0.0035, 0.2087)	0.0911	5
(0.01, 1.5)	Powell	1e-05	(10, 0, 10, 0, 10, 0, 10, 0)	(0.1004, -0.0, 0.3794, 0.0629, 0.2953, 0.0013, -0.0001, 0.1601)	0.1028	3
(0.01, 1.5)	Powell	1e-08	(10, 0, 10, 0, 10, 0, 10, 0)	(0.1, -0.0, 0.3931, 0.0659, 0.2932, 0.0, 0.0001, 0.1478)	0.1051	0
(0.01, 1.5)	Powell	10	(10, 0, 10, 0, 10, 0, 10, 0)	(0.1784, -0.0062, 0.1349, -0.0337, 0.2115, 0.0932, -0.0469, 0.2896)	0.0461	7
(0.01, 1.5)	Powell	25	(10, 0, 10, 0, 10, 0, 10, 0)	(0.1002, -0.0001, 0.383, 0.0639, 0.2957, 0.0, 0.0, 0.1568)	0.1035	3
(0.01, 1.5)	Powell	50	(10, 0, 10, 0, 10, 0, 10, 0)	(0.0999, 0.0001, 0.3934, 0.0659, 0.2931, -0.0, 0.0001, 0.1477)	0.1051	0
(0.01, 1.5)	Powell	0.001	(0, 0, 0, 2, 2, 2, 1, 1)	(0.104, 0.0042, 0.3473, 0.019, 0.2709, 0.033, -0.0035, 0.2087)	0.0911	5
(0.01, 1.5)	Powell	1e-05	(0, 0, 0, 2, 2, 2, 1, 1)	(0.1004, -0.0, 0.3794, 0.0629, 0.2953, 0.0013, -0.0001, 0.1601)	0.1028	3
(0.01, 1.5)	Powell	1e-08	(0, 0, 0, 2, 2, 2, 1, 1)	(0.1, -0.0, 0.3931, 0.0659, 0.2932, 0.0, 0.0001, 0.1478)	0.1051	0
(0.01, 1.5)	Powell	10	(0, 0, 0, 2, 2, 2, 1, 1)	(0.1784, -0.0062, 0.1349, -0.0337, 0.2115, 0.0932, -0.0469, 0.2896)	0.0461	7
(0.01, 1.5)	Powell	25	(0, 0, 0, 2, 2, 2, 1, 1)	(0.1002, -0.0001, 0.383, 0.0639, 0.2957, 0.0, 0.0, 0.1568)	0.1035	3
(0.01, 1.5)	Powell	50	(0, 0, 0, 2, 2, 2, 1, 1)	(0.0999, 0.0001, 0.3934, 0.0659, 0.2931, -0.0, 0.0001, 0.1477)	0.1051	0
(0.01, 1.5)	COBYLA	0.001	(1.0, 1.0, 1.0, 1.0, 1.0, 1.0, 1.0, 1.0)	(0.11, -0.0009, 0.331, 0.0335, 0.2861, 0.0176, -0.0036, 0.2093)	0.0907	6
(0.01, 1.5)	COBYLA	1e-05	(1.0, 1.0, 1.0, 1.0, 1.0, 1.0, 1.0, 1.0)	(0.0994, -0.0002, 0.3693, 0.0746, 0.2935, 0.0027, 0.0001, 0.1607)	0.1033	3
(0.01, 1.5)	COBYLA	1e-08	(1.0, 1.0, 1.0, 1.0, 1.0, 1.0, 1.0, 1.0)	(0.0606, 0.0023, 0.3784, 0.0937, 0.2877, 0.0062, 0.003, 0.168)	0.1087	0
(0.01, 1.5)	COBYLA	10	(1.0, 1.0, 1.0, 1.0, 1.0, 1.0, 1.0, 1.0)	(0.1794, -0.0066, 0.133, -0.0347, 0.1777, 0.1291, -0.0474, 0.2896)	0.0458	7
(0.01, 1.5)	COBYLA	25	(1.0, 1.0, 1.0, 1.0, 1.0, 1.0, 1.0, 1.0)	(0.1002, -0.0002, 0.3662, 0.0665, 0.2957, 0.0026, 0.0002, 0.1681)	0.1017	3
(0.01, 1.5)	COBYLA	50	(1.0, 1.0, 1.0, 1.0, 1.0, 1.0, 1.0, 1.0)	(0.0612, 0.0014, 0.3775, 0.0946, 0.2889, 0.006, 0.003, 0.1672)	0.1088	0
(0.01, 1.5)	COBYLA	0.001	(10, 0, 10, 0, 10, 0, 10, 0)	(0.1097, -0.0006, 0.3374, 0.0275, 0.2828, 0.021, -0.0037, 0.2094)	0.0908	6
(0.01, 1.5)	COBYLA	1e-05	(10, 0, 10, 0, 10, 0, 10, 0)	(0.0985, -0.0001, 0.3757, 0.0696, 0.2881, 0.0071, 0.0, 0.1606)	0.1034	2
(0.01, 1.5)	COBYLA	1e-08	(10, 0, 10, 0, 10, 0, 10, 0)	(0.0941, 0.0, 0.381, 0.087, 0.2772, 0.0044, 0.0008, 0.1555)	0.1063	0
(0.01, 1.5)	COBYLA	10	(10, 0, 10, 0, 10, 0, 10, 0)	(0.1783, -0.006, 0.1346, -0.0344, 0.1964, 0.1093, -0.0476, 0.2904)	0.046	7
(0.01, 1.5)	COBYLA	25	(10, 0, 10, 0, 10, 0, 10, 0)	(0.1001, -0.0002, 0.3706, 0.0629, 0.29, 0.0087, 0.0009, 0.1664)	0.1019	2
(0.01, 1.5)	COBYLA	50	(10, 0, 10, 0, 10, 0, 10, 0)	(0.0971, 0.0001, 0.3809, 0.0875, 0.2754, 0.0045, 0.0011, 0.1534)	0.1061	0
(0.01, 1.5)	COBYLA	0.001	(0, 0, 0, 2, 2, 2, 1, 1)	(0.1097, -0.0005, 0.3347, 0.0301, 0.2756, 0.0281, -0.0034, 0.2092)	0.0908	6
(0.01, 1.5)	COBYLA	1e-05	(0, 0, 0, 2, 2, 2, 1, 1)	(0.0994, -0.0001, 0.375, 0.067, 0.2827, 0.0159, 0.0007, 0.1592)	0.1032	2
(0.01, 1.5)	COBYLA	1e-08	(0, 0, 0, 2, 2, 2, 1, 1)	(0.0935, 0.0003, 0.3843, 0.0749, 0.281, 0.0191, 0.0013, 0.1456)	0.1059	0
(0.01, 1.5)	COBYLA	10	(0, 0, 0, 2, 2, 2, 1, 1)	(0.1788, -0.0063, 0.1339, -0.0346, 0.1847, 0.1215, -0.0474, 0.2898)	0.0459	7
(0.01, 1.5)	COBYLA	25	(0, 0, 0, 2, 2, 2, 1, 1)	(0.1002, -0.0002, 0.3736, 0.0637, 0.2835, 0.0165, 0.0002, 0.1622)	0.1025	2
(0.01, 1.5)	COBYLA	50	(0, 0, 0, 2, 2, 2, 1, 1)	(0.0954, -0.0, 0.3835, 0.0729, 0.2803, 0.0197, 0.0013, 0.1472)	0.1055	2
(0.1, 1.5)	BFGS	0.001	(1.0, 1.0, 1.0, 1.0, 1.0, 1.0, 1.0, 1.0)	(0.1109, -0.0007, 0.3361, 0.0238, 0.3048, -0.0005, -0.0042, 0.2109)	0.0898	7
(0.1, 1.5)	BFGS	1e-05	(1.0, 1.0, 1.0, 1.0, 1.0, 1.0, 1.0, 1.0)	(0.1003, -0.0001, 0.3734, 0.0633, 0.3002, -0.0001, 0.0119, 0.1504)	0.1032	5
(0.1, 1.5)	BFGS	1e-08	(1.0, 1.0, 1.0, 1.0, 1.0, 1.0, 1.0, 1.0)	(0.1, -0.0, 0.377, 0.0688, 0.3, -0.0, 0.015, 0.1392)	0.1048	1
(0.1, 1.5)	BFGS	10	(1.0, 1.0, 1.0, 1.0, 1.0, 1.0, 1.0, 1.0)	(0.1162, -0.0009, 0.3231, 0.0167, 0.3068, -0.0005, -0.0068, 0.2173)	0.0861	7
(0.1, 1.5)	BFGS	25	(1.0, 1.0, 1.0, 1.0, 1.0, 1.0, 1.0, 1.0)	(0.1, -0.0, 0.3768, 0.0685, 0.3, -0.0, 0.0149, 0.1398)	0.1047	1
(0.1, 1.5)	BFGS	50	(1.0, 1.0, 1.0, 1.0, 1.0, 1.0, 1.0, 1.0)	(0.1, -0.0, 0.377, 0.0689, 0.3, -0.0, 0.0155, 0.1386)	0.1048	0
(0.1, 1.5)	BFGS	0.001	(10, 0, 10, 0, 10, 0, 10, 0)	(0.1109, -0.0007, 0.3361, 0.0238, 0.3048, -0.0005, -0.0042, 0.2109)	0.0898	7
(0.1, 1.5)	BFGS	1e-05	(10, 0, 10, 0, 10, 0, 10, 0)	(0.1003, -0.0001, 0.3734, 0.0633, 0.3002, -0.0001, 0.0119, 0.1504)	0.1032	5
(0.1, 1.5)	BFGS	1e-08	(10, 0, 10, 0, 10, 0, 10, 0)	(0.1, -0.0, 0.377, 0.0688, 0.3, -0.0, 0.015, 0.1392)	0.1048	1
(0.1, 1.5)	BFGS	10	(10, 0, 10, 0, 10, 0, 10, 0)	(0.1162, -0.0009, 0.3231, 0.0167, 0.3068, -0.0005, -0.0068, 0.2173)	0.0861	7
(0.1, 1.5)	BFGS	25	(10, 0, 10, 0, 10, 0, 10, 0)	(0.1, -0.0, 0.3768, 0.0685, 0.3, -0.0, 0.0149, 0.1398)	0.1047	1
(0.1, 1.5)	BFGS	50	(10, 0, 10, 0, 10, 0, 10, 0)	(0.1, -0.0, 0.377, 0.0689, 0.3, -0.0, 0.0155, 0.1386)	0.1048	0
(0.1, 1.5)	BFGS	0.001	(0, 0, 0, 2, 2, 2, 1, 1)	(0.1109, -0.0007, 0.3361, 0.0238, 0.3048, -0.0005, -0.0042, 0.2109)	0.0898	7
(0.1, 1.5)	BFGS	1e-05	(0, 0, 0, 2, 2, 2, 1, 1)	(0.1003, -0.0001, 0.3734, 0.0633, 0.3002, -0.0001, 0.0119, 0.1504)	0.1032	5
(0.1, 1.5)	BFGS	1e-08	(0, 0, 0, 2, 2, 2, 1, 1)	(0.1, -0.0, 0.377, 0.0688, 0.3, -0.0, 0.015, 0.1392)	0.1048	1
(0.1, 1.5)	BFGS	10	(0, 0, 0, 2, 2, 2, 1, 1)	(0.1162, -0.0009, 0.3231, 0.0167, 0.3068, -0.0005, -0.0068, 0.2173)	0.0861	7
(0.1, 1.5)	BFGS	25	(0, 0, 0, 2, 2, 2, 1, 1)	(0.1, -0.0, 0.3768, 0.0685, 0.3, -0.0, 0.0149, 0.1398)	0.1047	1
(0.1, 1.5)	BFGS	50	(0, 0, 0, 2, 2, 2, 1, 1)	(0.1, -0.0, 0.377, 0.0689, 0.3, 0.0, 0.0155, 0.1386)	0.1048	0
(0.1, 1.5)	Powell	0.001	(1.0, 1.0, 1.0, 1.0, 1.0, 1.0, 1.0, 1.0)	(0.1126, -0.0017, 0.3317, 0.0272, 0.2467, 0.0577, -0.0041, 0.2108)	0.0899	6
(0.1, 1.5)	Powell	1e-05	(1.0, 1.0, 1.0, 1.0, 1.0, 1.0, 1.0, 1.0)	(0.1003, 0.0, 0.3743, 0.0725, 0.271, 0.027, -0.0, 0.1543)	0.1038	2
(0.1, 1.5)	Powell	1e-08	(1.0, 1.0, 1.0, 1.0, 1.0, 1.0, 1.0, 1.0)	(0.1, -0.0, 0.3861, 0.0737, 0.27, 0.0245, 0.0004, 0.1453)	0.1055	0
(0.1, 1.5)	Powell	10	(1.0, 1.0, 1.0, 1.0, 1.0, 1.0, 1.0, 1.0)	(0.1135, 0.0018, 0.3214, 0.0183, 0.2446, 0.0616, -0.0064, 0.2167)	0.0862	5
(0.1, 1.5)	Powell	25	(1.0, 1.0, 1.0, 1.0, 1.0, 1.0, 1.0, 1.0)	(0.1, 0.0001, 0.3842, 0.0736, 0.2707, 0.0247, 0.0003, 0.1465)	0.1052	1
(0.1, 1.5)	Powell	50	(1.0, 1.0, 1.0, 1.0, 1.0, 1.0, 1.0, 1.0)	(0.1, 0.0, 0.3862, 0.0737, 0.27, 0.0245, 0.0004, 0.1453)	0.1055	0
(0.1, 1.5)	Powell	0.001	(10, 0, 10, 0, 10, 0, 10, 0)	(0.1126, -0.0017, 0.3317, 0.0272, 0.2471, 0.0573, -0.0041, 0.2108)	0.0899	6
(0.1, 1.5)	Powell	1e-05	(10, 0, 10, 0, 10, 0, 10, 0)	(0.1003, 0.0, 0.3743, 0.0725, 0.2713, 0.0267, -0.0, 0.1543)	0.1038	2
(0.1, 1.5)	Powell	1e-08	(10, 0, 10, 0, 10, 0, 10, 0)	(0.1, -0.0, 0.3861, 0.0737, 0.2703, 0.0242, 0.0004, 0.1454)	0.1055	0
(0.1, 1.5)	Powell	10	(10, 0, 10, 0, 10, 0, 10, 0)	(0.1135, 0.0018, 0.3214, 0.0183, 0.245, 0.0612, -0.0064, 0.2167)	0.0862	5
(0.1, 1.5)	Powell	25	(10, 0, 10, 0, 10, 0, 10, 0)	(0.1, 0.0001, 0.3842, 0.0736, 0.271, 0.0244, 0.0003, 0.1465)	0.1052	1
(0.1, 1.5)	Powell	50	(10, 0, 10, 0, 10, 0, 10, 0)	(0.1, 0.0, 0.3862, 0.0737, 0.2703, 0.0241, 0.0004, 0.1453)	0.1055	0
(0.1, 1.5)	Powell	0.001	(0, 0, 0, 2, 2, 2, 1, 1)	(0.1126, -0.0017, 0.3317, 0.0272, 0.2467, 0.0577, -0.0041, 0.2108)	0.0899	6
(0.1, 1.5)	Powell	1e-05	(0, 0, 0, 2, 2, 2, 1, 1)	(0.1003, 0.0, 0.3743, 0.0725, 0.271, 0.0271, -0.0, 0.1543)	0.1038	2
(0.1, 1.5)	Powell	1e-08	(0, 0, 0, 2, 2, 2, 1, 1)	(0.1, -0.0, 0.3861, 0.0737, 0.27, 0.0245, 0.0004, 0.1453)	0.1055	0
(0.1, 1.5)	Powell	10	(0, 0, 0, 2, 2, 2, 1, 1)	(0.1135, 0.0018, 0.3214, 0.0183, 0.2446, 0.0616, -0.0064, 0.2167)	0.0862	5
(0.1, 1.5)	Powell	25	(0, 0, 0, 2, 2, 2, 1, 1)	(0.1, 0.0001, 0.3842, 0.0736, 0.2707, 0.0247, 0.0003, 0.1465)	0.1052	1
(0.1, 1.5)	Powell	50	(0, 0, 0, 2, 2, 2, 1, 1)	(0.1, 0.0, 0.3862, 0.0737, 0.27, 0.0245, 0.0004, 0.1453)	0.1055	0
(0.1, 1.5)	COBYLA	0.001	(1.0, 1.0, 1.0, 1.0, 1.0, 1.0, 1.0, 1.0)	(0.111, -0.0007, 0.3334, 0.0264, 0.2831, 0.0212, -0.0042, 0.2107)	0.0898	6
(0.1, 1.5)	COBYLA	1e-05	(1.0, 1.0, 1.0, 1.0, 1.0, 1.0, 1.0, 1.0)	(0.1003, 0.0, 0.3731, 0.0674, 0.2898, 0.0102, 0.0002, 0.1587)	0.1029	2
(0.1, 1.5)	COBYLA	1e-08	(1.0, 1.0, 1.0, 1.0, 1.0, 1.0, 1.0, 1.0)	(0.0998, 0.0002, 0.3798, 0.078, 0.2837, 0.0102, 0.0024, 0.1459)	0.1053	0
(0.1, 1.5)	COBYLA	10	(1.0, 1.0, 1.0, 1.0, 1.0, 1.0, 1.0, 1.0)	(0.1164, -0.0009, 0.3217, 0.0178, 0.2819, 0.0245, -0.0068, 0.2172)	0.0861	6
(0.1, 1.5)	COBYLA	25	(1.0, 1.0, 1.0, 1.0, 1.0, 1.0, 1.0, 1.0)	(0.0998, -0.0001, 0.3772, 0.0729, 0.2852, 0.0106, 0.0012, 0.1532)	0.1042	3
(0.1, 1.5)	COBYLA	50	(1.0, 1.0, 1.0, 1.0, 1.0, 1.0, 1.0, 1.0)	(0.0957, 0.0025, 0.3818, 0.0801, 0.2821, 0.0119, 0.001, 0.1447)	0.1058	0
(0.1, 1.5)	COBYLA	0.001	(10, 0, 10, 0, 10, 0, 10, 0)	(0.1111, -0.0007, 0.332, 0.0278, 0.2871, 0.0174, -0.0042, 0.2109)	0.0898	6
(0.1, 1.5)	COBYLA	1e-05	(10, 0, 10, 0, 10, 0, 10, 0)	(0.0919, 0.0, 0.3753, 0.0677, 0.2967, 0.0031, 0.002, 0.1635)	0.1037	2
(0.1, 1.5)	COBYLA	1e-08	(10, 0, 10, 0, 10, 0, 10, 0)	(0.0835, 0.0028, 0.3889, 0.0733, 0.2964, 0.0016, 0.0001, 0.1534)	0.1062	0
(0.1, 1.5)	COBYLA	10	(10, 0, 10, 0, 10, 0, 10, 0)	(0.1163, -0.0008, 0.3195, 0.0199, 0.2852, 0.0211, -0.0067, 0.2172)	0.0861	6
(0.1, 1.5)	COBYLA	25	(10, 0, 10, 0, 10, 0, 10, 0)	(0.0878, -0.0001, 0.3812, 0.0707, 0.2967, 0.003, 0.0011, 0.1598)	0.105	3
(0.1, 1.5)	COBYLA	50	(10, 0, 10, 0, 10, 0, 10, 0)	(0.0785, 0.0019, 0.3908, 0.0732, 0.297, 0.0022, 0.0005, 0.156)	0.1068	1
(0.1, 1.5)	COBYLA	0.001	(0, 0, 0, 2, 2, 2, 1, 1)	(0.1115, -0.0008, 0.3321, 0.0267, 0.2842, 0.0203, -0.0044, 0.2114)	0.0897	6
(0.1, 1.5)	COBYLA	1e-05	(0, 0, 0, 2, 2, 2, 1, 1)	(0.0952, 0.0011, 0.3743, 0.0696, 0.299, 0.0001, -0.0001, 0.1604)	0.1034	2
(0.1, 1.5)	COBYLA	1e-08	(0, 0, 0, 2, 2, 2, 1, 1)	(0.0852, 0.0003, 0.3839, 0.083, 0.2879, 0.0008, 0.0009, 0.158)	0.1066	0
(0.1, 1.5)	COBYLA	10	(0, 0, 0, 2, 2, 2, 1, 1)	(0.1165, -0.001, 0.3212, 0.0182, 0.2814, 0.025, -0.0068, 0.2174)	0.0861	6
(0.1, 1.5)	COBYLA	25	(0, 0, 0, 2, 2, 2, 1, 1)	(0.0916, 0.0004, 0.3803, 0.0764, 0.2935, 0.0003, 0.0001, 0.1576)	0.1052	2
(0.1, 1.5)	COBYLA	50	(0, 0, 0, 2, 2, 2, 1, 1)	(0.0569, 0.0007, 0.3938, 0.0871, 0.2871, 0.0023, 0.0033, 0.1692)	0.1098	1
(0.1, 2)	BFGS	0.001	(1.0, 1.0, 1.0, 1.0, 1.0, 1.0, 1.0, 1.0)	(0.1098, -0.0007, 0.3387, 0.0254, 0.3044, -0.0005, -0.0037, 0.2096)	0.0905	7
(0.1, 2)	BFGS	1e-05	(1.0, 1.0, 1.0, 1.0, 1.0, 1.0, 1.0, 1.0)	(0.1002, -0.0001, 0.3744, 0.0649, 0.3001, -0.0, 0.0128, 0.1472)	0.1037	4
(0.1, 2)	BFGS	1e-08	(1.0, 1.0, 1.0, 1.0, 1.0, 1.0, 1.0, 1.0)	(0.1, -0.0, 0.377, 0.0689, 0.3, -0.0, 0.0151, 0.139)	0.1048	1
(0.1, 2)	BFGS	10	(1.0, 1.0, 1.0, 1.0, 1.0, 1.0, 1.0, 1.0)	(0.101, -0.0002, 0.3668, 0.0531, 0.3004, -0.0001, 0.0059, 0.1714)	0.1003	5
(0.1, 2)	BFGS	25	(1.0, 1.0, 1.0, 1.0, 1.0, 1.0, 1.0, 1.0)	(0.1, -0.0, 0.377, 0.0689, 0.3, -0.0, 0.0154, 0.1386)	0.1048	0
(0.1, 2)	BFGS	50	(1.0, 1.0, 1.0, 1.0, 1.0, 1.0, 1.0, 1.0)	(0.1, -0.0, 0.377, 0.0689, 0.3, 0.0, 0.0155, 0.1386)	0.1048	0
(0.1, 2)	BFGS	0.001	(10, 0, 10, 0, 10, 0, 10, 0)	(0.1098, -0.0007, 0.3387, 0.0254, 0.3044, -0.0005, -0.0037, 0.2096)	0.0905	7
(0.1, 2)	BFGS	1e-05	(10, 0, 10, 0, 10, 0, 10, 0)	(0.1002, -0.0001, 0.3744, 0.0649, 0.3001, -0.0, 0.0128, 0.1472)	0.1037	4
(0.1, 2)	BFGS	1e-08	(10, 0, 10, 0, 10, 0, 10, 0)	(0.1, -0.0, 0.377, 0.0689, 0.3, -0.0, 0.0151, 0.139)	0.1048	1
(0.1, 2)	BFGS	10	(10, 0, 10, 0, 10, 0, 10, 0)	(0.101, -0.0002, 0.3668, 0.0531, 0.3004, -0.0001, 0.0059, 0.1714)	0.1003	5
(0.1, 2)	BFGS	25	(10, 0, 10, 0, 10, 0, 10, 0)	(0.1, -0.0, 0.377, 0.0689, 0.3, -0.0, 0.0154, 0.1386)	0.1048	0
(0.1, 2)	BFGS	50	(10, 0, 10, 0, 10, 0, 10, 0)	(0.1, 0.0, 0.377, 0.0689, 0.3, 0.0, 0.0155, 0.1386)	0.1048	0
(0.1, 2)	BFGS	0.001	(0, 0, 0, 2, 2, 2, 1, 1)	(0.1098, -0.0007, 0.3387, 0.0254, 0.3044, -0.0005, -0.0037, 0.2096)	0.0905	7
(0.1, 2)	BFGS	1e-05	(0, 0, 0, 2, 2, 2, 1, 1)	(0.1002, -0.0001, 0.3744, 0.0649, 0.3001, -0.0, 0.0128, 0.1472)	0.1037	4
(0.1, 2)	BFGS	1e-08	(0, 0, 0, 2, 2, 2, 1, 1)	(0.1, -0.0, 0.377, 0.0689, 0.3, -0.0, 0.0151, 0.139)	0.1048	1
(0.1, 2)	BFGS	10	(0, 0, 0, 2, 2, 2, 1, 1)	(0.101, -0.0002, 0.3668, 0.0531, 0.3004, -0.0001, 0.0059, 0.1714)	0.1003	5
(0.1, 2)	BFGS	25	(0, 0, 0, 2, 2, 2, 1, 1)	(0.1, -0.0, 0.377, 0.0689, 0.3, -0.0, 0.0154, 0.1386)	0.1048	0
(0.1, 2)	BFGS	50	(0, 0, 0, 2, 2, 2, 1, 1)	(0.1, -0.0, 0.377, 0.0689, 0.3, -0.0, 0.0155, 0.1386)	0.1048	0
(0.1, 2)	Powell	0.001	(1.0, 1.0, 1.0, 1.0, 1.0, 1.0, 1.0, 1.0)	(0.0957, 0.0129, 0.3442, 0.0205, 0.2815, 0.0224, -0.0033, 0.2089)	0.0907	5
(0.1, 2)	Powell	1e-05	(1.0, 1.0, 1.0, 1.0, 1.0, 1.0, 1.0, 1.0)	(0.1001, 0.0001, 0.3877, 0.0666, 0.2784, 0.007, 0.0014, 0.1582)	0.1042	2
(0.1, 2)	Powell	1e-08	(1.0, 1.0, 1.0, 1.0, 1.0, 1.0, 1.0, 1.0)	(0.1, 0.0, 0.3962, 0.0689, 0.2763, 0.0054, 0.0017, 0.1516)	0.1056	0
(0.1, 2)	Powell	10	(1.0, 1.0, 1.0, 1.0, 1.0, 1.0, 1.0, 1.0)	(0.101, -0.0002, 0.3692, 0.0566, 0.2804, 0.0123, 0.002, 0.1771)	0.1005	3
(0.1, 2)	Powell	25	(1.0, 1.0, 1.0, 1.0, 1.0, 1.0, 1.0, 1.0)	(0.1, 0.0, 0.3963, 0.069, 0.2762, 0.0054, 0.0017, 0.1514)	0.1056	0
(0.1, 2)	Powell	50	(1.0, 1.0, 1.0, 1.0, 1.0, 1.0, 1.0, 1.0)	(0.1, 0.0, 0.3964, 0.069, 0.2762, 0.0054, 0.0017, 0.1514)	0.1056	0
(0.1, 2)	Powell	0.001	(10, 0, 10, 0, 10, 0, 10, 0)	(0.0975, 0.011, 0.3426, 0.0219, 0.285, 0.019, -0.0033, 0.209)	0.0907	5
(0.1, 2)	Powell	1e-05	(10, 0, 10, 0, 10, 0, 10, 0)	(0.1001, 0.0001, 0.3886, 0.0667, 0.2803, 0.0044, 0.0001, 0.1592)	0.1042	2
(0.1, 2)	Powell	1e-08	(10, 0, 10, 0, 10, 0, 10, 0)	(0.1, 0.0, 0.397, 0.069, 0.2783, 0.0027, 0.0004, 0.1526)	0.1056	0
(0.1, 2)	Powell	10	(10, 0, 10, 0, 10, 0, 10, 0)	(0.1009, -0.0001, 0.3686, 0.0573, 0.2827, 0.0095, 0.0005, 0.1789)	0.1004	3
(0.1, 2)	Powell	25	(10, 0, 10, 0, 10, 0, 10, 0)	(0.1, 0.0, 0.3972, 0.0691, 0.2782, 0.0027, 0.0004, 0.1524)	0.1056	0
(0.1, 2)	Powell	50	(10, 0, 10, 0, 10, 0, 10, 0)	(0.1, 0.0, 0.3972, 0.0691, 0.2782, 0.0027, 0.0005, 0.1524)	0.1056	0
(0.1, 2)	Powell	0.001	(0, 0, 0, 2, 2, 2, 1, 1)	(0.0975, 0.011, 0.3425, 0.0219, 0.285, 0.019, -0.0033, 0.209)	0.0907	5
(0.1, 2)	Powell	1e-05	(0, 0, 0, 2, 2, 2, 1, 1)	(0.1001, 0.0001, 0.3886, 0.0667, 0.2804, 0.0043, 0.0001, 0.1592)	0.1042	2
(0.1, 2)	Powell	1e-08	(0, 0, 0, 2, 2, 2, 1, 1)	(0.1, 0.0, 0.397, 0.069, 0.2783, 0.0027, 0.0004, 0.1526)	0.1056	0
(0.1, 2)	Powell	10	(0, 0, 0, 2, 2, 2, 1, 1)	(0.1009, -0.0001, 0.3686, 0.0573, 0.2827, 0.0095, 0.0005, 0.1789)	0.1004	3
(0.1, 2)	Powell	25	(0, 0, 0, 2, 2, 2, 1, 1)	(0.1, 0.0, 0.3972, 0.0691, 0.2782, 0.0027, 0.0004, 0.1524)	0.1056	0
(0.1, 2)	Powell	50	(0, 0, 0, 2, 2, 2, 1, 1)	(0.1, 0.0, 0.3972, 0.0691, 0.2782, 0.0027, 0.0004, 0.1524)	0.1056	0
(0.1, 2)	COBYLA	0.001	(1.0, 1.0, 1.0, 1.0, 1.0, 1.0, 1.0, 1.0)	(0.1102, -0.0007, 0.3345, 0.0295, 0.2833, 0.0207, -0.0036, 0.2095)	0.0906	6
(0.1, 2)	COBYLA	1e-05	(1.0, 1.0, 1.0, 1.0, 1.0, 1.0, 1.0, 1.0)	(0.0966, -0.0003, 0.378, 0.0652, 0.2845, 0.0133, 0.0003, 0.1622)	0.1033	2
(0.1, 2)	COBYLA	1e-08	(1.0, 1.0, 1.0, 1.0, 1.0, 1.0, 1.0, 1.0)	(0.0833, 0.0023, 0.3856, 0.0771, 0.286, 0.0123, -0.0, 0.1534)	0.1064	0
(0.1, 2)	COBYLA	10	(1.0, 1.0, 1.0, 1.0, 1.0, 1.0, 1.0, 1.0)	(0.1009, -0.0004, 0.36, 0.0547, 0.285, 0.0153, 0.0001, 0.183)	0.0994	4
(0.1, 2)	COBYLA	25	(1.0, 1.0, 1.0, 1.0, 1.0, 1.0, 1.0, 1.0)	(0.0903, -0.0001, 0.3829, 0.0747, 0.2848, 0.0125, 0.0005, 0.1546)	0.1056	3
(0.1, 2)	COBYLA	50	(1.0, 1.0, 1.0, 1.0, 1.0, 1.0, 1.0, 1.0)	(0.0628, 0.0038, 0.3988, 0.077, 0.2841, 0.013, 0.0071, 0.1536)	0.1094	1
(0.1, 2)	COBYLA	0.001	(10, 0, 10, 0, 10, 0, 10, 0)	(0.1106, -0.001, 0.3337, 0.0294, 0.2828, 0.0212, -0.0038, 0.2098)	0.0904	6
(0.1, 2)	COBYLA	1e-05	(10, 0, 10, 0, 10, 0, 10, 0)	(0.0964, -0.0, 0.3808, 0.0644, 0.2858, 0.0116, -0.0, 0.1611)	0.1036	2
(0.1, 2)	COBYLA	1e-08	(10, 0, 10, 0, 10, 0, 10, 0)	(0.0793, 0.0017, 0.3905, 0.0732, 0.2882, 0.0115, -0.0, 0.1557)	0.1067	0
(0.1, 2)	COBYLA	10	(10, 0, 10, 0, 10, 0, 10, 0)	(0.1009, -0.0003, 0.3619, 0.0496, 0.2842, 0.0159, -0.0, 0.1864)	0.0989	3
(0.1, 2)	COBYLA	25	(10, 0, 10, 0, 10, 0, 10, 0)	(0.0834, -0.0001, 0.387, 0.0742, 0.288, 0.0107, 0.0003, 0.1563)	0.1063	2
(0.1, 2)	COBYLA	50	(10, 0, 10, 0, 10, 0, 10, 0)	(0.0836, 0.0014, 0.3906, 0.0729, 0.2872, 0.01, -0.0001, 0.1544)	0.1064	2
(0.1, 2)	COBYLA	0.001	(0, 0, 0, 2, 2, 2, 1, 1)	(0.1099, -0.0006, 0.3352, 0.0289, 0.283, 0.0208, -0.0035, 0.2094)	0.0907	6
(0.1, 2)	COBYLA	1e-05	(0, 0, 0, 2, 2, 2, 1, 1)	(0.0984, -0.0, 0.3766, 0.0684, 0.2831, 0.0135, 0.0003, 0.1595)	0.1035	1
(0.1, 2)	COBYLA	1e-08	(0, 0, 0, 2, 2, 2, 1, 1)	(0.0658, 0.0026, 0.3846, 0.0868, 0.2732, 0.0179, 0.0031, 0.1659)	0.1083	0
(0.1, 2)	COBYLA	10	(0, 0, 0, 2, 2, 2, 1, 1)	(0.1009, -0.0003, 0.3609, 0.0516, 0.2814, 0.0188, 0.0009, 0.1844)	0.0992	4
(0.1, 2)	COBYLA	25	(0, 0, 0, 2, 2, 2, 1, 1)	(0.0657, 0.0006, 0.3877, 0.0868, 0.2729, 0.0185, 0.0021, 0.166)	0.1088	1
(0.1, 2)	COBYLA	50	(0, 0, 0, 2, 2, 2, 1, 1)	(0.0609, 0.0015, 0.3841, 0.0852, 0.275, 0.0238, 0.0056, 0.1637)	0.1087	0
